[[0.000000,33.090784,58.532043,73.006849,75.828754],
[0.000000,73.959448,74.047282,78.879655,80.523289],
[0.000000,16.941074,34.438351,47.265209,55.919585],
[0.000000,30.248967,33.090784,53.263496,54.571055],
[0.000000,16.941074,45.265881,48.145612,51.759057],
[0.000000,40.853396,51.759057,60.679486,76.183988],
[0.000000,30.248967,34.438351,42.190046,45.265881],
[0.000000,42.190046,47.265209,53.263496,55.145263],
[0.000000,40.853396,48.145612,61.212744,79.636675],
[0.000000,54.571055,55.145263,61.310684,77.375707],
]
[[1,4,7,8,3],
[2,4,7,5,9],
[3,5,7,8,4],
[4,7,1,8,10],
[5,3,7,9,6],
[6,9,5,3,1],
[7,4,3,8,5],
[8,7,3,4,10],
[9,6,5,3,4],
[10,4,8,7,3],
]
