[[0.000000,18.520259,18.920888],
 [0.000000,26.683328,28.879058],
 [0.000000,14.071247,16.941074],
 [0.000000,21.563859,22.605309],
 [0.000000,12.409674,16.941074],
 [0.000000,19.442222,20.049938],
 [0.000000,18.627936,20.688161],
 [0.000000,26.944387,31.527766],
 [0.000000,19.874607,22.045408],
 [0.000000,17.860571,29.597297],
 [0.000000,11.832160,11.958261],
 [0.000000,11.224972,25.514702],
 [0.000000,14.106736,17.029386],
 [0.000000,13.892444,16.613248],
 [0.000000,7.874008,26.153394],
 [0.000000,27.910571,29.832868],
 [0.000000,16.643317,20.223748],
 [0.000000,10.440307,13.190906],
 [0.000000,19.974984,24.103942],
 [0.000000,19.849433,22.405357],
 [0.000000,17.464249,28.618176],
 [0.000000,15.000000,27.331301],
 [0.000000,21.679483,23.874673],
 [0.000000,19.052559,23.108440],
 [0.000000,13.038405,17.578396],
 [0.000000,13.190906,17.349352],
 [0.000000,12.845233,25.159491],
 [0.000000,23.895606,27.549955],
 [0.000000,27.000000,27.367864],
 [0.000000,17.748239,19.235384],
 [0.000000,21.794495,22.045408],
 [0.000000,19.824228,21.189620],
 [0.000000,15.905974,20.420578],
 [0.000000,21.189620,28.407745],
 [0.000000,12.529964,17.029386],
 [0.000000,14.764823,15.033296],
 [0.000000,15.905974,23.622024],
 [0.000000,22.759613,25.592968],
 [0.000000,17.691806,29.546573],
 [0.000000,16.583124,21.840330],
 [0.000000,8.124038,17.748239],
 [0.000000,11.090537,15.684387],
 [0.000000,11.832160,13.000000],
 [0.000000,22.583180,28.653098],
 [0.000000,19.442222,22.405357],
 [0.000000,17.378147,20.542639],
 [0.000000,16.703293,19.672316],
 [0.000000,17.549929,23.874673],
 [0.000000,5.196152,15.066519],
 [0.000000,18.493242,20.223748],
 [0.000000,10.295630,19.467922],
 [0.000000,18.734994,23.366643],
 [0.000000,21.977261,26.248809],
 [0.000000,15.033296,19.209373],
 [0.000000,20.736441,22.045408],
 [0.000000,17.748239,18.520259],
 [0.000000,8.062258,16.522712],
 [0.000000,8.602325,23.622024],
 [0.000000,14.106736,16.186414],
 [0.000000,25.806976,26.095977],
 [0.000000,26.888659,27.910571],
 [0.000000,17.944358,21.118712],
 [0.000000,34.452866,37.161808],
 [0.000000,24.454039,24.738634],
 [0.000000,20.542639,24.310492],
 [0.000000,5.477226,14.106736],
 [0.000000,17.860571,26.608269],
 [0.000000,22.847319,25.980762],
 [0.000000,24.677925,26.814175],
 [0.000000,15.165751,22.360680],
 [0.000000,11.874342,20.371549],
 [0.000000,7.874008,26.134269],
 [0.000000,18.138357,20.952327],
 [0.000000,25.709920,33.911650],
 [0.000000,21.283797,22.383029],
 [0.000000,15.099669,21.840330],
 [0.000000,16.583124,23.259407],
 [0.000000,19.646883,19.672316],
 [0.000000,23.452079,25.199206],
 [0.000000,21.213203,31.288976],
 [0.000000,27.820855,28.548205],
 [0.000000,10.440307,13.379088],
 [0.000000,22.649503,24.474477],
 [0.000000,13.964240,19.078784],
 [0.000000,9.591663,19.874607],
 [0.000000,26.248809,27.748874],
 [0.000000,12.529964,12.845233],
 [0.000000,15.099669,15.684387],
 [0.000000,26.419690,28.600699],
 [0.000000,13.228757,16.093477],
 [0.000000,12.529964,20.396078],
 [0.000000,12.529964,17.117243],
 [0.000000,11.090537,14.106736],
 [0.000000,13.638182,19.824228],
 [0.000000,21.840330,24.556058],
 [0.000000,19.390719,22.912878],
 [0.000000,5.477226,17.175564],
 [0.000000,15.066519,16.583124],
 [0.000000,26.645825,29.563491],
 [0.000000,19.467922,22.693611],
 [0.000000,25.278449,29.308702],
 [0.000000,17.748239,23.366643],
 [0.000000,23.643181,25.000000],
 [0.000000,9.591663,24.596748],
 [0.000000,16.124515,16.401219],
 [0.000000,25.514702,25.709920],
 [0.000000,8.062258,16.852300],
 [0.000000,21.725561,23.622024],
 [0.000000,20.371549,23.086793],
 [0.000000,8.124038,19.235384],
 [0.000000,13.000000,13.964240],
 [0.000000,18.493242,26.095977],
 [0.000000,19.949937,25.258662],
 [0.000000,26.739484,30.265492],
 [0.000000,22.649503,26.645825],
 [0.000000,27.549955,27.766887],
 [0.000000,16.522712,24.020824],
 [0.000000,5.196152,13.784049],
 [0.000000,20.420578,22.759613],
 [0.000000,15.297059,16.703293],
 [0.000000,10.295630,22.693611],
 [0.000000,8.602325,21.725561],
 [0.000000,20.124612,24.556058],
 [0.000000,11.532563,13.038405],
 [0.000000,14.764823,17.748239],
 [0.000000,16.124515,17.262677],
 [0.000000,17.635192,20.174241],
 [0.000000,28.618176,28.879058],
 [0.000000,11.224972,21.563859],
 [0.000000,24.331050,24.617067],
 [0.000000,10.295630,17.029386],
 [0.000000,13.304135,17.175564],
 [0.000000,20.049938,21.283797],
 [0.000000,21.679483,26.608269],
 [0.000000,26.362853,28.600699],
 [0.000000,19.209373,21.236761],
 [0.000000,10.295630,13.190906],
 [0.000000,19.261360,25.396850],
 [0.000000,19.570386,22.693611],
 [0.000000,15.811388,20.736441],
 [0.000000,22.847319,24.698178],
 [0.000000,15.459625,21.236761],
 [0.000000,21.236761,21.840330],
 [0.000000,21.213203,21.977261],
 [0.000000,15.165751,16.401219],
 [0.000000,23.021729,23.727621],
 [0.000000,14.071247,18.894444],
 [0.000000,19.824228,22.693611],
 [0.000000,11.532563,21.000000],
 [0.000000,24.677925,26.153394],
 [0.000000,17.549929,27.459060],
 [0.000000,18.083141,26.362853],
 [0.000000,15.066519,19.974984],
 [0.000000,30.265492,31.032241],
 [0.000000,15.459625,28.425341],
 [0.000000,20.124612,24.372115],
 [0.000000,21.118712,21.977261],
 [0.000000,20.049938,21.000000],
 [0.000000,26.944387,31.527766],
 [0.000000,13.228757,15.684387],
 [0.000000,11.874342,11.958261],
 [0.000000,18.083141,24.103942],
 [0.000000,19.052559,21.189620],
 [0.000000,15.000000,23.021729],
 [0.000000,17.262677,20.049938],
 [0.000000,19.849433,24.617067],
 [0.000000,17.720045,18.788294],
 [0.000000,22.847319,23.558438],
 [0.000000,21.563859,23.108440],
 [0.000000,14.866069,22.912878],
 [0.000000,19.261360,26.305893],
 [0.000000,15.811388,28.774989],
 [0.000000,14.247807,17.578396],
 [0.000000,11.874342,16.792856],
 [0.000000,13.638182,13.892444],
 [0.000000,17.691806,28.583212],
 [0.000000,15.297059,26.702060],
 [0.000000,23.895606,26.343880],
 [0.000000,11.874342,15.033296],
 [0.000000,23.366643,26.664583],
 [0.000000,26.134269,26.851443],
 [0.000000,18.788294,24.839485],
 [0.000000,22.847319,28.861739],
 [0.000000,18.734994,19.824228],
 [0.000000,12.845233,19.646883],
 [0.000000,20.688161,21.470911],
 [0.000000,16.340135,28.913665],
 [0.000000,15.684387,16.613248],
 [0.000000,20.174241,24.372115],
 [0.000000,13.304135,17.146428],
 [0.000000,16.340135,17.464249],
 [0.000000,16.703293,27.440845],
 [0.000000,14.866069,28.460499],
 [0.000000,16.522712,17.262677],
 [0.000000,16.703293,18.627936],
 [0.000000,12.409674,18.894444],
 [0.000000,16.583124,16.643317],
 [0.000000,12.845233,17.349352],
 [0.000000,22.847319,24.879711],
 [0.000000,16.093477,17.378147]]
[[1,56,41],
 [2,191,128],
 [3,147,5],
 [4,169,145],
 [5,196,3],
 [6,45,133],
 [7,195,186],
 [8,159,31],
 [9,85,55],
 [10,67,19],
 [11,43,161],
 [12,129,78],
 [13,66,35],
 [14,175,188],
 [15,72,150],
 [16,61,133],
 [17,197,50],
 [18,82,137],
 [19,153,162],
 [20,166,45],
 [21,191,128],
 [22,164,146],
 [23,134,48],
 [24,163,169],
 [25,124,173],
 [26,87,198],
 [27,185,78],
 [28,178,116],
 [29,25,6],
 [30,102,110],
 [31,200,50],
 [32,94,34],
 [33,37,119],
 [34,32,88],
 [35,92,13],
 [36,125,11],
 [37,33,119],
 [38,119,157],
 [39,176,192],
 [40,98,143],
 [41,110,56],
 [42,93,160],
 [43,11,111],
 [44,26,71],
 [45,6,20],
 [46,200,65],
 [47,195,78],
 [48,151,23],
 [49,118,161],
 [50,112,17],
 [51,121,100],
 [52,184,180],
 [53,144,86],
 [54,179,136],
 [55,140,9],
 [56,41,1],
 [57,107,118],
 [58,122,108],
 [59,93,42],
 [60,195,112],
 [61,104,16],
 [62,125,36],
 [63,99,115],
 [64,78,126],
 [65,46,157],
 [66,97,13],
 [67,10,117],
 [68,168,103],
 [69,150,124],
 [70,145,41],
 [71,179,109],
 [72,15,181],
 [73,14,188],
 [74,106,141],
 [75,133,25],
 [76,88,41],
 [77,197,157],
 [78,185,47],
 [79,62,189],
 [80,144,77],
 [81,53,86],
 [82,18,137],
 [83,115,17],
 [84,111,174],
 [85,104,9],
 [86,53,144],
 [87,91,198],
 [88,76,188],
 [89,171,135],
 [90,160,42],
 [91,87,198],
 [92,35,13],
 [93,42,59],
 [94,175,32],
 [95,194,105],
 [96,1,170],
 [97,66,13],
 [98,153,40],
 [99,115,168],
 [100,51,121],
 [101,149,79],
 [102,30,163],
 [103,84,200],
 [104,85,75],
 [105,126,145],
 [106,140,74],
 [107,57,118],
 [108,122,58],
 [109,71,191],
 [110,41,30],
 [111,43,84],
 [112,50,60],
 [113,126,79],
 [114,76,193],
 [115,83,99],
 [116,28,6],
 [117,194,200],
 [118,49,161],
 [119,33,38],
 [120,177,192],
 [121,51,100],
 [122,58,108],
 [123,156,139],
 [124,149,25],
 [125,36,161],
 [126,105,194],
 [127,93,189],
 [128,21,2],
 [129,12,78],
 [130,137,166],
 [131,137,18],
 [132,190,18],
 [133,6,75],
 [134,23,58],
 [135,152,89],
 [136,54,179],
 [137,131,18],
 [138,171,130],
 [139,88,4],
 [140,172,55],
 [141,199,9],
 [142,155,143],
 [143,142,40],
 [144,80,53],
 [145,70,105],
 [146,164,91],
 [147,3,196],
 [148,184,13],
 [149,124,25],
 [150,69,15],
 [151,48,107],
 [152,162,135],
 [153,98,19],
 [154,15,32],
 [155,142,143],
 [156,123,110],
 [157,50,17],
 [158,165,196],
 [159,8,176],
 [160,90,42],
 [161,174,11],
 [162,152,19],
 [163,24,30],
 [164,22,146],
 [165,90,158],
 [166,20,130],
 [167,197,182],
 [168,68,50],
 [169,4,24],
 [170,193,96],
 [171,138,131],
 [172,140,55],
 [173,124,25],
 [174,161,43],
 [175,94,14],
 [176,39,68],
 [177,120,7],
 [178,28,149],
 [179,71,54],
 [180,52,38],
 [181,72,150],
 [182,167,197],
 [183,173,150],
 [184,52,148],
 [185,27,78],
 [186,7,120],
 [187,191,100],
 [188,88,14],
 [189,127,133],
 [190,132,18],
 [191,187,21],
 [192,120,177],
 [193,170,96],
 [194,117,126],
 [195,47,7],
 [196,5,147],
 [197,77,17],
 [198,87,26],
 [199,141,94],
 [200,111,46]]
