[[0.000000,18.920888,33.090784],
 [0.000000,32.572995,32.695565],
 [0.000000,16.941074,26.172505],
 [0.000000,30.248967,31.096624],
 [0.000000,16.941074,34.380227],
 [0.000000,19.442222,27.367864],
 [0.000000,26.944387,30.248967],
 [0.000000,31.527766,37.013511],
 [0.000000,33.689761,33.837849],
 [0.000000,29.597297,30.886890],
 [0.000000,11.832160,15.033296],
 [0.000000,36.742346,39.572718],
 [0.000000,17.029386,17.832555],
 [0.000000,25.000000,27.313001],
 [0.000000,38.561639,43.243497],
 [0.000000,33.911650,38.091994],
 [0.000000,20.223748,26.172505],
 [0.000000,52.287666,53.628351],
 [0.000000,29.597297,34.351128],
 [0.000000,22.405357,25.436195],
 [0.000000,32.572995,48.928519],
 [0.000000,30.886890,43.508620],
 [0.000000,23.874673,40.211939],
 [0.000000,25.219040,32.388269],
 [0.000000,27.000000,37.121422],
 [0.000000,22.583180,25.000000],
 [0.000000,31.464265,45.497253],
 [0.000000,34.496377,35.749126],
 [0.000000,27.000000,27.367864],
 [0.000000,25.179357,25.219040],
 [0.000000,22.045408,26.551836],
 [0.000000,21.189620,27.313001],
 [0.000000,15.905974,30.380915],
 [0.000000,21.189620,32.695565],
 [0.000000,17.029386,25.651511],
 [0.000000,15.033296,19.339080],
 [0.000000,15.905974,36.083237],
 [0.000000,30.380915,36.083237],
 [0.000000,34.000000,34.351128],
 [0.000000,28.670542,34.365681],
 [0.000000,18.920888,26.038433],
 [0.000000,48.104054,50.941143],
 [0.000000,11.832160,19.339080],
 [0.000000,22.583180,32.939338],
 [0.000000,19.442222,22.405357],
 [0.000000,21.023796,23.194827],
 [0.000000,26.944387,31.464265],
 [0.000000,23.874673,25.179357],
 [0.000000,22.934690,27.018512],
 [0.000000,20.223748,22.045408]]
[[1,41,4],
 [2,21,34],
 [3,5,17],
 [4,7,41],
 [5,3,17],
 [6,45,29],
 [7,47,4],
 [8,31,24],
 [9,45,20],
 [10,19,22],
 [11,43,36],
 [12,7,47],
 [13,35,11],
 [14,26,32],
 [15,32,34],
 [16,33,5],
 [17,50,3],
 [18,40,20],
 [19,10,39],
 [20,45,36],
 [21,2,34],
 [22,10,48],
 [23,48,49],
 [24,30,4],
 [25,29,6],
 [26,44,14],
 [27,47,12],
 [28,20,45],
 [29,25,6],
 [30,48,24],
 [31,50,46],
 [32,34,14],
 [33,37,38],
 [34,32,2],
 [35,13,11],
 [36,11,43],
 [37,33,38],
 [38,33,37],
 [39,10,19],
 [40,20,46],
 [41,1,30],
 [42,5,3],
 [43,11,36],
 [44,26,14],
 [45,6,20],
 [46,36,43],
 [47,7,27],
 [48,23,30],
 [49,11,36],
 [50,17,31]]
